0 213 240
1 242 244
2 293 252
3 341 259
4 389 266
5 460 274
6 489 277
7 528 278
8 583 274
9 661 274
10 730 271
11 785 272
12 886 285
13 1011 295
14 1109 302
15 1119 322
16 1102 335
17 1143 352
18 1284 363
19 1497 375
20 1741 381
21 1984 381
22 2270 370
23 2518 355
24 2724 339
25 2921 319
26 3054 287
27 3168 294
28 3291 302
29 3352 291
30 3482 301
31 3569 304
32 3770 313
33 3810 345
34 3738 434
35 3444 480
36 3248 606
37 2762 628
38 2246 626
39 1676 626
40 1122 626
41 496 632
42 148 536
43 44 374
44 8 232
